4.37331
4.37331
1.07111
1.07111
1.07111
5
5
5
4.74463
2.54768
2.2761
2.12242
1.144
1.85705
1.38417
1.7832
5
4.42565
3.33612
4.2407
4.2407
4.7581
5
2.5064
3.0671
3.0671
1.89886
4.55163
5
3.49399
5
5
5
5
4.37309
3.04377
3.20218
3.20218
4.5797
4.5797
4.5797
4.5797
5
4.24026
4.24026
4.41043
4.41043
4.41043
5
4.59404
5
5
5
5
4.9013
4.9013
5
5
3.7092
1.46186
1.17351
1.86987
1.86987
1.86987
4.4014
5
4.96424
5
5
4.15452
2.84186
2.84186
2.84186
2.88244
3.56867
3.56867
3.3494
3.7148
3.7148
3.7148
4.40871
4.40871
4.40871
4.59774
5
4.00716
5
5
5
5
5
5
3.49187
-1.35468
-1.35468
-2.14849
-1.19753
2.10137
2.10137
1.03261
1.03261
1.03261
-2.37359
-2.37359
-2.37359
-2.37359
-0.433029
-0.433029
-0.433029
-0.433029
-0.433029
-0.433029
-0.433029
-0.433029
2.48854
5
5
5
5
5
2.01332
2.01332
3.22434
3.54262
3.54262
3.0557
0.724629
0.18934
-1.69104
-3.37125
-3.37125
-2.34559
-2.34559
0.713249
2.63992
2.63992
2.63992
2.63992
2.63992
2.63992
2.63992
0.0257106
0.609081
0.609081
0.609081
-0.00320568
-0.00320568
2.06442
2.88861
2.88861
2.88861
1.68368
1.68368
1.34829
1.34829
1.34829
1.34829
2.63029
4.26591
4.03206
5
5
5
4.17534
0.536675
3.78811
3.78811
5
5
5
5
5
5
4.97176
5
5
5
5
5
5
4.16473
4.16473
4.81334
5
4.29063
4.29063
5
5
5
4.7203
5
1.79672
1.8357
1.8357
0.0401661
0.0401661
0.0401661
0.0401661
-0.373124
-0.373124
-1.46605
-5
-5
-5
-5
-2.29018
-2.21578
-1.96312
-1.96312
0.247146
-1.57159
-0.271064
-0.271064
-0.271064
-0.271064
-2.45545
-2.45545
-0.708165
0.850825
-0.0570798
-0.0570798
1.66435
1.66435
1.66435
1.66435
4.13974
0.660812
0.660812
0.660812
1.71794
2.43781
2.43781
2.43781
1.77616
-0.578649
-0.578649
-0.578649
-1.25035
-1.25035
-1.25035
-1.25035
-0.970373
-0.970373
-0.970373
-0.970373
-3.39199
-3.39199
-3.77278
-4.45472
-5
-5
-3.02178
-3.71585
-3.71585
-5
-5
-5
-5
-5
-5
-3.45578
0.776707
-2.11107
-2.11107
-2.82954
-3.93998
-5
-5
-3.44354
-3.44354
-3.44354
-2.85318
1.14495
-1.45438
-1.45438
-1.45438
-1.45438
-1.45438
0.604094
0.604094
0.604094
-1.34887
-1.09948
-1.09948
-1.09948
-1.09948
-1.09948
-0.350932
1.77671
0.643438
0.643438
0.643438
0.643438
-0.0899685
0.19986
-1.84949
-4.21601
-4.21601
-4.21601
-0.863203
-1.8526
-1.8526
-1.8526
1.11096
-0.185347
-0.185347
0.627086
0.1153
1.0782
1.0782
1.0782
1.0782
0.861808
0.00522273
-0.109234
2.22771
2.22771
1.2435
1.2435
-4.0163
-2.35558
-1.8322
-1.8322
0.0285957
0.0285957
0.327422
0.327422
-0.278184
0.515126
2.93496
2.93496
0.669929
-2.97039
-4.79757
-4.79757
-1.79759
-1.53282
-0.848253
-1.5169
-1.5169
-1.5651
-2.15489
-3.47778
-3.47778
-2.87426
-3.47082
-3.47082
-3.47082
-1.90061
-1.90061
-1.85961
-3.09425
0.45937
0.0612524
0.0612524
0.853617
0.630397
-0.374798
-0.374798
-0.374798
-0.374798
-3.32921
-3.32921
-3.32921
1.1157
-1.61983
-1.61983
-1.61983
-1.61983
-1.44866
0.287299
-0.159727
-0.00770257
-3.23598
-3.60593
-3.60593
-3.48591
-2.23079
-2.23079
-2.23079
-2.23079
-4.90865
-4.9751
-4.9751
-4.9751
-2.12026
-2.12026
-2.12026
-2.12026
-3.9476
-3.9476
-3.9476
-3.9476
-2.06208
-2.06208
-0.224268
-0.224268
1.51735
2.20635
0.90404
0.90404
3.06292
3.06292
4.14849
4.14849
5
5
5
5
5
5
5
5
5
5
4.76199
4.76199
5
5
5
5
5
5
5
3.52615
3.52615
4.2601
1.84323
2.08596
4.87244
1.75321
3.46113
2.50959
3.60618
3.60618
3.60618
0.498878
0.502374
0.502374
-0.301919
1.44465
3.12592
3.12592
2.72463
2.71185
0.507344
0.507344
-1.32528
-3.81398
-5
-5
-3.38528
-3.38528
-5
-5
-5
-4.82571
-4.82571
-5
-0.296711
-0.296711
-5
-5
-5
-5
-2.88883
-2.88883
-2.88883
-2.88883
-4.71037
-5
-5
-0.751803
-0.751803
-0.751803
-2.57554
-1.94924
-4.40431
-2.53173
-1.9434
-1.9434
-4.64125
-5
-5
-5
-1.79313
-2.21611
-5
-5
-5
-5
-5
-5
-2.9275
-1.48565
-1.48565
-1.48565
-0.302459
-0.302459
-4.10211
-2.06111
-0.896041
-1.00063
-1.00063
-2.93534
-2.93534
-3.47692
-3.00281
-3.00281
-1.48547
-0.829544
-3.45077
-3.45077
-1.56375
-0.229896
-0.229896
-2.07004
-0.244053
1.65466
0.382032
1.7959
1.7959
0.182546
2.26192
2.26192
0.209558
0.209558
0.209558
1.93479
1.93479
1.41176
1.41176
1.27055
1.87097
0.604392
0.604392
0.604392
2.04367
2.81294
2.46761
2.46761
2.46761
2.46761
0.762757
0.762757
0.762757
-2.6237
-2.6237
-5
-3.33464
-3.33464
-3.53788
-3.53788
-3.53788
-1.71199
-1.71199
-1.71199
-1.71199
-0.399529
-0.399529
-0.399529
0.187779
-0.235343
0.408649
-2.45529
-4.1996
-5
-5
-3.83875
-3.69627
-3.82905
-5
-5
-1.8464
-1.8464
-1.8464
-1.8464
-1.8464
-5
-5
-4.11544
-5
-5
-5
-5
-5
-5
-5
-4.55007
-4.55007
1.82324
2.98121
3.78903
3.78903
3.78903
4.34604
4.34604
0.741681
0.741681
-1.97478
-1.97478
-1.97478
-2.34793
-2.34793
-2.8589
-2.8589
-5
-5
-5
-5
-5
-4.67148
-4.67148
-4.67148
-4.67148
-4.67148
-4.78351
-4.78351
-4.78351
-1.29905
-1.29905
-2.20382
-3.52423
0.166925
0.166925
-1.54476
-1.98609
-3.09438
-3.38496
-3.38496
-5
-5
-3.1303
-2.86704
-2.86704
-2.86704
-1.48308
-0.856974
-3.14836
-2.1961
-2.1961
-2.1961
-0.922685
-0.922685
-3.09547
-3.09547
-4.25438
-2.41532
-1.66081
-1.66081
-1.49696
-5
-4.47223
-3.71209
-3.71209
-3.71209
-4.64998
-5
-2.24993
-2.24993
-0.374047
1.62753
1.97809
1.97809
1.67372
1.67372
1.67372
0.884137
2.99893
2.99893
5
5
5
3.77493
-0.84108
-0.37102
-0.37102
1.40713
1.40713
4.45435
4.45435
4.34723
4.34723
2.50723
2.50723
2.50723
-0.832385
2.2376
2.2376
-1.49384
-1.49384
1.73661
5
5
5
5
5
5
4.42353
5
5
5
5
3.01908
3.5307
1.33795
1.33795
1.33795
-0.932841
-0.612271
0.539453
0.571041
-0.701668
1.14297
0.74951
2.55234
3.33899
1.4401
1.4401
3.52947
4.91904
4.91904
4.91904
4.91904
2.39894
4.17329
4.17329
4.04632
4.04632
4.00361
2.75475
0.922475
-1.48194
-4.23834
-2.67033
-2.67033
-0.814578
2.3365
-0.0199202
-0.0199202
-1.3914
-1.4251
-2.25289
-0.916409
-0.916409
1.29697
1.29697
1.29697
-0.453874
0.600829
-1.06065
-3.07453
-3.7573
-3.7573
0.250857
0.250857
0.250857
0.178835
0.178835
-3.65574
-3.65574
-5
-2.7716
0.0575578
0.0575578
0.0575578
0.0575578
0.239164
-0.982929
-1.76012
-2.24703
-2.24703
-2.24703
-2.30271
-1.61827
-1.61827
0.388457
2.17118
2.17118
3.23851
3.23851
4.26185
4.92597
4.92597
4.92597
1.52054
1.52054
1.22439
1.22439
-0.728032
3.16287
3.16287
3.16287
3.16287
3.16287
2.85134
3.1054
3.1054
3.1054
3.1054
4.22943
3.67545
5
5
5
5
3.23245
3.13449
5
5
4.68713
2.0219
2.0219
1.21684
2.38463
2.22582
2.22582
2.22582
4.07791
4.80579
4.2043
5
5
5
5
3.53409
2.69133
2.69133
3.29729
3.29729
3.29729
5
5
5
5
5
5
5
5
5
2.82775
2.82775
2.7169
2.10785
-0.281921
-1.41414
-1.34669
-1.92642
-0.965446
-0.965446
1.94917
1.94917
1.94917
0.447448
0.302136
0.302136
0.302136
-1.17572
-2.76647
-5
-1.86128
-1.86128
-1.86128
-1.6218
-1.03216
-1.03216
-3.07143
-3.05352
-3.05352
-3.49264
0.201552
0.201552
-2.58987
-2.58987
-2.58987
-5
-5
-3.19326
-2.93277
-2.93277
-2.93277
-4.04622
-3.95364
-3.95364
-0.158452
-0.158452
-0.674053
-0.674053
-0.674053
-0.674053
-0.883139
-2.41197
-0.0346029
-0.0346029
1.38216
1.38216
0.0825721
0.0825721
0.0825721
0.0825721
0.0825721
0.0825721
-1.31778
0.617412
0.617412
0.617412
0.617412
0.617412
0.395181
0.395181
-0.0779626
-0.0779626
-0.77548
-0.77548
-0.77548
-0.77548
-0.77548
-0.00685409
-0.00685409
-2.08779
-2.38607
-2.38607
-3.33774
-3.33774
-3.33774
-4.40696
-3.03584
-3.03584
-3.03584
-0.595156
-0.595156
-0.595156
-2.34995
-4.34618
-5
-5
-5
-5
-4.79336
-4.79336
-4.97648
-4.84627
-4.84627
-4.84627
-2.07221
-3.88013
-3.88013
-5
-5
-3.43125
-3.43125
-3.24738
-3.24738
-3.24738
-3.24738
-3.24738
-3.92109
-2.53877
-1.01103
-1.35601
-1.35601
-0.592354
-4.921
-5
-5
-5
-5
-4.65113
-4.65113
-5
-5
-5
-5
-5
-5
-3.74315
-1.72608
-0.111878
1.72079
2.74713
2.97758
2.97758
1.68033
1.68033
1.68033
3.11169
-0.113685
-1.14757
-1.7328
-1.40468
-2.74631
-2.74631
-4.37139
-4.82106
-3.40876
-1.90018
-5
-5
-5
-4.43164
-4.43164
-4.43164
-4.43164
-5
-5
-5
-5
-4.31112
-2.36272
-2.36272
-2.38157
-4.26628
-3.54687
-3.54687
-0.031614
-0.031614
0.339436
2.37067
2.37067
2.37067
2.37067
2.37067
2.37067
2.37067
2.37067
4.54469
2.59128
2.55069
3.91644
2.01185
1.26068
1.18359
1.18359
1.18359
-1.44504
-1.44504
-1.44504
-1.44504
-2.36753
-2.36753
-2.36753
-2.36753
-2.36753
-2.36753
-2.36753
-3.9759
-3.9759
-5
-5
-5
-5
-1.5389
-1.36795
-1.36795
0.603936
0.603936
-1.51289
-1.77766
-1.77766
-3.31028
0.0705224
0.0705224
0.0705224
0.0705224
0.0705224
-1.93615
-1.93615
-1.93615
-1.93615
-1.75031
-2.58535
-2.13383
-1.66166
-1.66166
-1.39551
-1.39551
0.291909
0.291909
-1.21456
-2.68306
-2.68306
-3.28807
-3.28807
-2.86082
-2.86082
-3.33244
-4.23069
-2.66751
-2.66751
-2.66751
-2.66751
-2.66751
-2.73552
-2.73552
-2.00447
-1.45137
-1.45137
-2.65443
-2.41492
-2.41492
0.216999
0.216999
0.216999
0.216999
-1.64119
-1.67775
-1.67775
-1.67775
-1.67775
1.05007
0.682332
3.17428
1.18675
-0.322064
-0.322064
-0.322064
-0.322064
-0.322064
3.85984
3.85984
-0.351659
-0.930457
-0.930457
-1.41438
-1.64355
-2.23526
-2.23526
-2.23526
-1.71164
-3.1032
-3.1032
-5
-5
-5
-5
-5
-5
-5
-5
-5
-5
-3.24178
-3.24178
-3.70208
-3.9236
1.25982
-1.45261
-3.0561
-3.0561
-3.0561
-3.0561
-1.87322
-1.87322
-1.57896
-3.77431
-3.77431
-3.77431
-5
-5
-5
-4.17286
-1.46614
-1.46614
-3.13166
-4.93529
-4.52233
-5
-4.06726
-4.06726
-1.87081
1.01406
-1.22884
-1.22884
-1.22884
-1.22884
1.60564
2.26925
0.0668927
-4.65946
-5
-5
-5
-3.34461
-1.45815
-1.45815
-0.577455
0.591217
3.18815
3.18815
1.05018
-0.272609
0.354515
0.354515
0.354515
0.885585
-1.05526
-1.05526
0.00774992
0.00774992
1.02101
1.12748
1.12748
1.12748
-0.702551
0.995727
3.10681
3.05515
3.05515
4.58846
5
3.26391
4.49286
4.49286
4.49286
4.49286
0.809402
3.22688
2.72889
2.72889
5
5
5
4.06437
4.06437
4.06437
5
5
5
5
5
1.15855
1.61457
1.61457
1.61457
5
4.7644
5
5
3.45469
3.45469
3.45469
3.45469
4.24716
-0.363478
-4.59156
-4.59156
-4.59156
-5
-5
-5
-2.39632
-2.39632
-2.05582
0.481361
2.05408
2.05408
0.645185
1.20436
1.20436
3.25485
2.30679
4.91082
4.91082
4.91082
5
5
5
5
3.67892
5
3.09494
3.94036
3.94036
3.94036
2.14413
2.53553
2.53553
2.96196
3.12189
3.12189
3.82416
5
5
5
5
4.7689
0.847397
0.847397
0.847397
0.207555
1.81205
1.81205
1.81205
1.81205
1.81205
1.81205
1.39359
1.06994
0.2793
0.2793
-1.00793
0.439412
3.43163
1.17935
1.17935
1.17935
2.48302
2.48302
3.87591
4.22383
4.22383
2.95729
3.58624
4.64582
4.64582
4.23489
4.23489
0.55953
1.12652
2.80747
2.64609
1.11379
2.22028
2.22028
4.12536
4.12536
4.12536
4.12536
1.47468
1.49144
1.18688
1.12871
4.48181
4.48181
4.48181
3.29777
3.29777
2.76958
2.76958
4.98833
5
5
5
5
3.19305
5
5
5
5
5
5
5
5
5
3.88016
3.88016
3.88016
3.88016
3.88016
4.01616
-0.618789
-0.526688
-1.01895
-0.648345
-0.648345
-2.75859
-2.35493
-2.35493
-2.35493
-2.35493
-2.94108
-2.94108
0.0520168
0.731626
-0.716306
-0.716306
-3.32843
-3.32843
-0.297576
-0.297576
-0.297576
-0.297576
-0.297576
-3.47552
-4.7194
-4.96658
-4.11048
-3.03508
-1.88094
-1.88094
-1.63977
-1.63977
-1.63977
1.64919
4.13424
5
5
5
5
5
5
5
5
5
5
5
4.7063
4.7063
4.7063
4.7063
4.76929
4.99562
5
5
5
5
5
5
5
5
5
5
5
5
5
5
3.83841
4.19874
3.4699
3.4699
4.37702
4.37702
4.37702
4.37702
1.19221
0.0213887
-1.80762
-1.80762
-5
-3.8463
-3.8463
-3.8463
-5
-2.64178
-2.64178
-2.87367
-2.87367
-2.87367
-2.87367
-4.56364
-4.72856
-5
-5
-3.93159
-5
-4.22564
-2.1038
-2.1038
-2.1038
-3.86363
-3.86363
-3.86363
-3.86363
-3.86363
-4.40099
-4.40316
-4.79679
-4.79679
-3.97895
-3.97895
-3.53875
-0.844182
-0.844182
0.714381
2.26985
2.24629
2.24629
3.15302
3.15302
3.15302
3.15302
3.16747
3.16747
3.16747
4.39098
4.39098
5
5
5
5
5
5
5
3.66281
4.00482
4.00482
4.00482
3.22497
1.044
2.36313
0.0950789
1.10633
1.10633
1.10633
1.10633
-2.0804
-2.0804
-2.0804
4.50437
2.41494
2.41494
2.41494
-0.168459
-0.168459
-1.3808
-1.07728
-1.07728
-2.92741
-1.69136
-1.66068
-4.15957
-5
-5
-5
-3.07849
-1.77584
-0.590417
-2.4045
-2.4045
-2.4045
-2.30519
-3.84189
-3.84189
-3.84189
-3.18895
-2.63823
-2.63823
-2.63823
-2.0353
1.03708
-1.00215
0.490508
0.254114
-0.343288
-0.578749
-1.96425
-1.96425
-1.96425
-1.96425
-5
-5
-5
-5
-5
-4.66545
-3.86278
-5
-4.00579
-4.00579
-2.40245
-2.40245
-2.12768
-5
-5
-5
-5
-5
-5
-5
-5
-5
-5
-5
-5
-5
-5
-5
-5
-4.4833
-4.4833
-1.14276
-0.894734
-0.894734
-0.894734
1.63497
-2.05956
-2.05956
-5
-5
-5
-5
-5
-2.02879
-2.02879
-2.02879
-1.43274
-1.43274
0.143993
0.143993
1.88522
1.88522
1.88522
-0.0952814
-1.0524
-1.0524
-1.0524
-1.0524
-1.0524
-1.0524
-1.0524
-1.0524
-1.0524
-0.854034
-0.854034
-0.854034
-4.21015
-4.6731
-1.8658
-1.8658
-1.8658
-0.747096
-0.747096
-0.747096
-0.747096
-0.362898
1.98529
5
1.75475
1.32223
0.493799
0.493799
0.493799
-0.919276
-0.919276
-2.40858
-2.40858
-4.25101
-3.76917
-3.38991
-5
-2.43194
-2.7089
-2.7089
-2.7089
-0.714281
1.1357
1.1357
1.1357
1.1357
1.1357
0.858047
0.858047
1.09261
1.09261
-0.524825
-0.524825
-4.06476
-0.876152
-0.876152
-0.876152
0.824946
0.824946
0.156775
-1.61603
-1.61603
-3.57404
-3.57404
-3.57404
-5
-5
-3.99614
-4.91486
-3.31361
-0.411444
-3.93615
-3.93615
-1.63225
-1.63225
-1.63225
-1.26616
-5
-4.81877
-4.6728
-5
-5
-2.2055
-2.2055
-2.2055
1.29159
1.58889
1.58889
1.1505
1.1505
1.1505
2.96294
3.51526
3.16213
3.16213
3.03333
3.03333
3.03333
1.01233
0.564054
0.346752
3.96038
3.96038
5
4.69398
5
5
3.05958
0.753492
0.753492
0.753492
0.753492
0.779853
1.32257
1.32257
2.15869
-0.48917
-0.48917
-0.48917
-2.4453
-1.38388
0.375117
0.375117
0.375117
0.375117
0.375117
1.3602
2.54381
1.51304
1.51304
1.51304
1.65336
2.45812
1.55897
1.55897
1.90352
1.01442
1.01442
1.01442
1.01442
3.85382
3.37854
3.37854
5
5
5
5
3.49352
3.49352
3.49352
5
5
5
5
5
5
5
1.74948
3.41055
3.41055
5
1.85527
1.85527
1.43185
-2.4834
-2.11379
-0.0354857
4.49268
5
5
5
5
5
5
5
1.93012
2.65934
2.65934
2.60729
2.60729
5
1.68494
4.70232
5
4.56135
3.8252
-1.04954
-1.91833
-0.953084
-0.953084
-0.953084
-0.953084
-1.53955
-1.53955
-1.53955
0.445922
-1.24169
-2.97332
-5
-5
-1.43908
-1.43908
-1.43908
-1.43908
-0.810436
-1.26089
-1.91854
0.645567
2.16673
1.99483
2.5492
2.5492
2.5492
2.7026
2.7026
2.18923
5
5
5
4.79748
1.90679
1.90679
3.29458
3.95281
5
5
5
5
5
5
5
2.88278
-0.0842175
-0.0842175
-0.0111383
-0.0111383
-0.0944642
-0.0944642
-0.375827
-1.06474
-0.286849
0.912561
0.912561
1.41274
0.56233
0.459953
0.386013
0.386013
-0.168811
-1.76898
-1.76898
1.52277
1.52277
1.52277
1.52277
1.52277
1.34482
2.57155
-0.244898
-1.66242
-1.77159
-1.77159
-1.77159
-1.77159
-0.568797
0.0756821
0.0756821
0.0756821
-0.435398
2.87184
4.53459
4.53459
5
5
5
4.84105
2.98232
2.98232
2.98232
2.98232
4.83097
5
5
5
5
5
3.30199
1.56246
-0.898888
0.631314
0.631314
0.631314
0.503315
0.503315
3.50939
3.50939
1.17458
1.17458
-1.44558
-1.44558
-1.44558
-0.119642
-0.113466
1.94416
1.94416
1.94416
5
5
5
5
5
5
5
5
4.06828
4.06828
2.06908
1.17984
-2.58218
-1.45068
-3.41565
-4.66679
-5
-5
-5
-5
-5
-3.37204
-3.37204
-0.192376
-0.192376
-0.192376
-0.192376
-0.0773264
-0.0773264
-0.0773264
-0.0773264
-0.0773264
-0.0773264
-0.609693
-0.630584
-0.630584
-0.630584
1.1341
1.1341
1.1341
1.69738
-1.24377
-1.24377
-1.24377
-1.24377
-1.24377
2.10006
2.10006
0.72875
0.394705
3.34012
3.34012
3.34012
3.34012
2.41347
4.38703
5
5
5
3.88453
5
3.98479
5
5
5
5
5
4.99763
4.99763
4.99763
2.27478
1.96898
1.96898
0.910535
0.910535
-1.10657
-1.10707
0.417312
0.417312
0.417312
0.417312
0.178318
2.89823
2.74253
2.74253
2.74253
-0.975952
-0.975952
-0.975952
-0.975952
-0.975952
